STAT JJJJMMDD QN     TG     TN     TM     TX    RFM     FM     FX     SO     NM     RR     PM
10315 20221030  1    6.6    9.4   14.6   21.1   86.5    1.0    3.6    6.8    5.9    0.0 1011.4
10315 20221029  1    8.7   11.1   16.1   22.2   84.9    1.0    4.6    3.4    7.5    0.0 1013.0
10315 20221028  1    9.4   12.7   17.6   22.8   77.8    2.0    8.7    4.1    5.8    0.0 1012.4
10315 20221027  1    6.7    9.5   15.3   21.0   83.0    2.0    7.5    5.9    5.9    0.2 1015.2
10315 20221026  1    6.6    8.6   13.3   20.2   86.0                  5.4    6.6    0.0 1010.7
10315 20221025  1    4.3    7.4   13.0   16.4   86.1    2.0           3.7    6.5    0.0 1008.6
10315 20221024  1   11.4   12.8   15.6   18.6   76.3    3.0   14.9    1.6           1.9 1001.0
10315 20221023  1    6.7    9.6   13.9   18.2   87.4    2.0   11.3    0.0    7.6    2.3 1004.2
10315 20221022  1    5.2    8.2   12.3   16.8   91.8    2.0    9.4    2.5    6.5    0.0 1006.9
10315 20221021  1    7.0   10.0   13.3   16.5   93.5    2.0    6.7    0.0    6.7    0.0 1002.4
10315 20221020  1    4.8    7.2   10.6   14.3   84.1    2.0    7.7    0.7    6.9    1.4 1008.2
10315 20221019  1    1.9    4.0    8.8   13.8   82.8    2.0    8.2    3.9    6.6    0.0 1020.4
10315 20221018  1    2.2    5.1   13.5   18.4   86.3    2.0    8.2    6.3    3.6    0.0 1020.9
10315 20221017  1   10.9   12.9   16.0   20.2   89.3    2.0   10.3    0.3    8.0    1.0 1014.4
10315 20221016  1   10.4   12.1   14.4   18.7   81.6    2.0   10.5    6.3    5.6    0.9 1008.7
10315 20221015  1    8.9   11.0   13.7   17.5   90.5    2.0    9.4    1.2    7.6    0.5 1001.1
10315 20221014  1    7.2    8.4   13.2   16.1   92.5    2.0    6.7    0.1    7.2    2.9 1005.3
10315 20221013  1    3.3    5.1   11.5   16.6   88.8    2.0    8.2    0.3    8.0    1.9 1011.0
10315 20221012  1   -0.9    1.9    7.8   15.9   83.3    1.0    5.1    7.1    5.3    0.0 1017.1
10315 20221011  1    0.1    1.8    7.1   16.0   88.2    1.0    6.7    5.0    3.8    0.0 1019.8
10315 20221010  1    1.9    5.5   10.5   18.0   81.2    2.0   12.9    5.8    4.0    0.3 1010.5
10315 20221009  1    0.1    2.6    9.4   16.6   77.2    2.0    6.5   10.1    3.2    0.0 1016.3
10315 20221008  1    1.7    3.7   11.5   16.3   78.5    3.0   12.2    6.1    3.7    0.0 1013.9
10315 20221007  1    3.0    5.7   11.2   17.6   75.5    2.0    9.8   10.0    3.3    0.9 1015.9
10315 20221006  1    3.2    6.2   12.9   17.5   73.5    3.0   13.7    9.9    0.9    0.0 1020.8
10315 20221005  1    9.7   11.1   15.7   20.2   73.3    3.0   17.0    4.0    6.7    0.7 1009.6
10315 20221004  1    5.9    7.9   12.4   18.6   79.2    2.0    7.5    8.7    6.3    0.0 1014.4
10315 20221003  1    3.3    5.4   11.1   16.7   85.3    2.0    6.7    5.1    4.0    0.0 1019.4
10315 20221002  1    5.7    8.6   13.3   18.4   79.2    3.0   11.8    5.8    3.4    0.0 1010.9
10315 20221001  1    9.5    9.9   12.9   17.5   82.1    3.0   16.8    3.2    6.2    7.1  999.5
10315 20220930  1    0.8    3.1    9.9   16.5   76.9    2.0    9.4    9.1    2.7   11.0 1002.9
10315 20220929  1    1.7    4.0    9.0   15.9   82.7    1.0    6.2    7.1    2.8    0.0  996.9
10315 20220928  1    5.3    7.2    9.7   13.9   82.4    2.0    6.3    4.3           0.1  990.7
10315 20220927  1    7.4    8.1   10.1   13.1   85.3    3.0   12.9    2.5    7.5    5.1  990.0
10315 20220926  1    8.6    9.5   11.0   12.6   86.5    3.0   13.7    0.0    7.6    8.2  994.3
10315 20220925  1    4.6    6.7   11.8   17.6   79.0    2.0    8.2    8.0    3.4    0.0 1007.0
10315 20220924  1   11.0   11.4   13.1   15.9   88.1    2.0    7.2    0.0    7.7    0.5 1006.9
10315 20220923  1    4.2    6.9   12.3   17.6   73.5    1.0    4.3    2.8    7.7    1.8 1009.9
10315 20220922  1    1.5    3.9   10.4   18.7   77.4    1.0    7.2    8.8    2.0    0.0 1016.5
10315 20220921  1    2.5    4.3    9.5   16.9   83.2    1.0    3.6    6.4    3.5    0.0 1020.2
10315 20220920  1    3.8    6.1   10.7   16.8   80.1    2.0    9.4    5.2    4.5    0.5 1016.7
10315 20220919  1    6.6    8.4   12.1   17.7   81.1    3.0   15.1    4.7    6.5    3.2 1011.6
10315 20220918  1    8.4    9.5   10.7   12.1   87.0    3.0   10.3    0.0    7.4    8.9 1006.4
10315 20220917  1    7.2    8.4   11.5   16.1   75.1    4.0   17.0    8.5    4.7    3.4 1005.4
10315 20220916  1    9.7   10.1   12.9   17.6   75.3    3.0   15.4    7.0          10.0 1002.6
10315 20220915  1    7.6    9.7   14.5   19.8   74.2    3.0   12.2    1.6    7.0    0.2 1001.1
10315 20220914  1    8.5   11.3   13.9   17.1   85.8    1.0    3.4    0.0    7.8    0.0 1000.1
10315 20220913  1   11.3   13.3   18.2   24.0   73.7    2.0    8.2    3.3    7.7    0.0 1003.3
10315 20220912  1    8.5   10.9   16.9   24.0   77.2    2.0    8.2    7.5    5.8    0.0 1008.6
10315 20220911  1   10.5   12.4   16.5   22.4   83.1    2.0    5.5    4.9    4.8    0.0 1012.1
10315 20220910  1   11.3   13.8   16.2   19.3   87.7    2.0    6.2    1.9    7.5    1.2 1005.6
10315 20220909  1   12.9   13.9   16.5   22.2   82.3    2.0   14.1    3.5    7.5    5.8 1002.5
10315 20220908  1   12.3   14.3   17.4   22.4   80.9    2.0    8.6    2.8    6.5    9.2 1002.2
10315 20220907  1   12.2   15.0   19.3   24.1   79.0    2.0    8.7    5.0    7.3    4.3 1006.3
10315 20220906  1   16.9   17.7   23.5   30.4   54.6    2.0    7.7    8.7    5.0    1.4 1008.7
10315 20220905  1   12.5   14.8   22.9   30.3   53.3           6.7    9.1    7.1    0.0 1013.0
10315 20220904  1   10.4   12.9   20.6   28.2   57.1    1.0    5.7    8.5    5.1    0.0 1011.9
10315 20220903  1   11.8   14.7   20.4   26.2   45.0                 10.2    3.4    0.0 1007.2
10315 20220902  1    8.7   11.9   19.5   26.1   44.9    2.0    8.9   10.4    3.2    0.0 1010.2
10315 20220901  1    6.4   10.7   18.4   24.4   50.0    2.0    9.1    9.7    1.6    0.0 1015.0
10315 20220831  1    8.5   12.8   17.5   23.6   57.0    2.0   10.3   10.4    4.1    0.0 1016.3
10315 20220830  1    9.9   12.1   18.5   24.2   64.8    2.0    8.1   12.1    4.4    0.0 1015.3
10315 20220829  1    5.3    7.6   16.3   24.2   71.1    2.0    6.7    7.1    5.0    0.0 1015.3
10315 20220828  1    6.6    9.7   16.4   23.1   64.1    2.0   11.7    9.9    3.1    0.0 1014.0
10315 20220827  1   11.9   14.5   18.6   21.7   68.1    3.0    8.6    0.3    6.9    0.0 1010.6
10315 20220826  1   14.1   16.2   20.3   26.1   78.8    2.0    9.8    1.6    5.5    0.0 1008.5
10315 20220825  1   15.6   18.7   25.1   31.4   51.5    2.0    9.9   12.3    1.1    0.0 1009.8
10315 20220824  1   14.9   16.9   25.2   32.8   47.8    1.0    5.1   12.0    2.9    0.0 1011.9
10315 20220823  1   14.6   16.6   23.7   30.8   50.8    2.0    7.7   12.5    3.6    0.0 1009.5
10315 20220822  1   10.6   12.9   20.7   28.9   63.1    2.0    7.2    6.3    5.8    0.0 1009.3
10315 20220821  1   10.4   11.8   19.3   25.7   65.5    2.0    9.9   10.4    4.3    0.0 1010.1
10315 20220820  1   12.7   14.8   20.3   24.7   73.8    2.0    9.1    5.1    5.7    0.0 1010.0
10315 20220819  1   11.7   13.8   21.3   28.0   69.0    2.0    8.2    7.2    5.8   11.1 1007.4
10315 20220818  3   12.5   15.6   20.3   25.5   78.1    2.0    7.2    4.9    5.7    0.0 1006.7
10315 20220817  3   14.2   16.2   22.2   29.3   70.0    2.0   15.3    2.4    5.6    0.9 1004.3
10315 20220816  3   15.9   18.9   24.0   30.8   57.0    2.0    9.8    8.9    4.5    0.0 1002.1
10315 20220815  3   18.5   20.2   23.8   27.2   56.6    2.0    8.4    2.6    6.7    0.0  998.3
10315 20220814  3   17.4   19.7   26.0   32.0   51.0    2.0    8.9   11.9    3.3    0.0 1002.8
10315 20220813  3   10.8   13.8   24.6   31.5   45.3    2.0   10.5   12.7    1.1    0.0 1010.5
10315 20220812  3   11.0   14.3   24.4   31.8   41.2    2.0    9.1   13.9    0.1    0.0 1013.1
10315 20220811  3   10.4   13.1   23.4   31.3   46.2    2.0    7.7   14.0    1.0    0.0 1016.0
10315 20220810  3    9.6   12.5   22.2   29.5   54.8    2.0   11.7   14.0    2.4    0.0 1019.5
10315 20220809  3    9.2   12.2   20.3   27.2   62.8    2.0    8.2   14.1    0.7    0.0 1021.4
10315 20220808  3    7.8    9.9   18.5   24.8   61.6    2.0    8.2   11.3    2.3    0.0 1019.3
10315 20220807  3    6.5    8.4   17.6   24.8   59.5    1.0    5.7   11.9    2.5    0.0 1018.7
10315 20220806  3    6.0    7.9   15.4   23.0   65.4    2.0    6.7   10.4    3.0    0.0 1020.7
10315 20220805  3    8.6   11.4   17.7   22.9   72.2    2.0   11.5    5.1    4.8    3.0 1012.0
10315 20220804  3   16.9   19.1   25.0   34.2   61.3    2.0   13.7    7.2    5.6    2.1 1006.9
10315 20220803  3   13.9   15.5   24.3   32.5   61.0    2.0    8.9   13.8    3.9    0.0 1008.7
10315 20220802  3    7.5    9.4   20.2   28.7   66.2    2.0   10.3   13.5    5.0    0.0 1010.9
10315 20220801  3    9.9   12.0   18.9   22.8   77.5    2.0    7.0    2.3    6.2    0.9 1011.2
10315 20220731  3   12.9   14.8   19.8   24.8   73.9    3.0   11.8    0.5    7.1    5.3 1009.7
10315 20220730  3    9.6   11.9   19.8   26.4   62.7    2.0    8.7   11.4    3.8    0.0 1011.7
10315 20220729  3   12.1   14.3   18.6   23.6   62.7    2.0    7.2    1.0    6.8    0.5 1010.5
10315 20220728  3    6.0    8.1   16.9   23.3   59.8    2.0    8.7   12.4    6.2    0.0 1012.8
10315 20220727  3    7.6   10.1   15.7   21.2   64.1    2.0           3.0    5.8    0.0 1013.7
10315 20220726  3   11.3   13.3   18.1   20.6   69.1    3.0    9.8    1.4    6.7    5.7 1009.6
10315 20220725  3   14.9   17.5   23.7   30.8   55.5    3.0   13.2    6.7    5.5    0.0 1003.5
10315 20220724  3   11.5   13.5   22.7   30.0   60.1    2.0   10.3   14.1    4.1    0.0 1011.0
10315 20220723  3   12.6   13.4   18.3   24.3   69.4    2.0    7.7   13.3    3.3    0.0 1013.2
10315 20220722  3   11.4   13.2   17.1   20.5   73.7    2.0    7.5    0.1    7.3    2.3 1013.7
10315 20220721  3   16.1   16.2   19.6   24.2   83.9    3.0   10.5    2.4    7.5    0.5 1011.8
10315 20220720  3   19.6   19.9   27.7   34.2   42.7    3.0   11.7   12.6    2.8   21.7 1009.6
10315 20220719  3   10.8   14.2   28.1   38.0   36.3    2.0    7.7   14.6    0.8    0.0 1011.0
10315 20220718  3    7.1   10.4   23.1   34.0   45.3    2.0    8.4   13.7    4.8    0.0 1016.0
10315 20220717  3    3.3    7.0   18.0   26.7   54.0    2.0    6.2   14.6    4.0    0.0 1020.6
10315 20220716  3    5.3   10.1   17.8   22.7   55.3    3.0   11.7   11.2    3.8    0.0 1017.1
10315 20220715  3    4.3    9.0   16.6   22.0   60.3    2.0    9.1    5.1    4.9    0.0 1015.6
10315 20220714  3    6.4   10.6   17.5   23.7   63.0    2.0   12.2    9.6    4.6    0.0 1014.0
10315 20220713  3   10.9   14.5   23.9   31.1   55.5    3.0   12.7    7.0    6.0    0.0 1013.3
10315 20220712  3    6.7    9.8   20.4   29.1   65.7    1.0    7.4   11.1    5.6    0.0 1017.9
10315 20220711  3    8.1   12.1   17.1   21.4   81.5    2.0    6.9    1.0    6.4    0.0 1017.5
10315 20220710  3   11.9   12.9   15.3   17.4   79.5    2.0    9.1    0.7    7.3    1.5 1018.4
10315 20220709  3   12.7   13.7   18.2   24.3   69.0    3.0   12.5    6.6    7.0    0.0 1019.8
10315 20220708  3   12.7   13.4   17.7   23.4   67.7    3.0    9.6    3.3    6.7    0.0 1023.2
10315 20220707  3   13.9   14.3   16.4   19.3   74.8    3.0   13.9    1.8    7.3    2.4 1015.6
10315 20220706  3    5.8    9.6   16.1   21.7   63.6    2.0    9.8    2.4    6.5    1.6 1017.5
10315 20220705  3    7.8   10.6   17.4   23.9   59.0    2.0   11.0    6.3    4.8    0.0 1015.9
10315 20220704  3    7.0   10.6   18.0   24.6   62.4    2.0    9.9   11.6    2.5    0.0 1013.6
10315 20220703  3   10.6   13.1   20.5   27.2   57.7    2.0   14.7   11.5    2.9    0.0 1011.3
10315 20220702  3    6.7    9.4   19.3   26.7   57.1    2.0    9.3   12.5    2.7    0.0 1014.5
10315 20220701  3    8.4   11.6   17.3   22.9   65.4    3.0   10.1    5.9    6.0    0.0 1011.6
10315 20220630  3   13.4   14.8   23.4   31.5   61.6    2.0   19.0   11.1    3.8    6.7 1004.8
10315 20220629  3    7.3   11.3   20.7   27.6   60.7    2.0    6.7    2.6    5.3    0.0 1008.4
10315 20220628  3    7.1    9.8   18.2   25.3   64.9    2.0    9.6   11.9    2.8    0.0 1014.3
10315 20220627  3   11.7   13.2   17.1   20.4   83.0    2.0    8.2    0.2    7.0    2.1 1010.3
10315 20220626  3   15.1   16.8   20.1   23.7   65.0    2.0    9.8    4.3    6.8    0.6 1008.7
10315 20220625  3   12.3   15.1   21.8   27.9   63.1    2.0   10.1   12.7    5.0    0.0 1005.3
10315 20220624  3   14.2   17.4   21.8   25.3   68.1    2.0    8.9    3.6    5.9    2.4 1000.8
10315 20220623  3    6.9   11.9   24.6   32.8   45.1    2.0    8.7   15.4    0.7    0.4 1005.0
10315 20220622  3    6.1   10.6   20.4   27.6   48.3    2.0    8.9   15.5    1.9    0.0 1006.9
10315 20220621  3    1.3    6.0   16.4   23.8   58.7    2.0    6.2   11.8    5.0    0.0 1009.0
10315 20220620  3    4.6    9.6   15.5   21.3   64.0    3.0   10.3    6.6    5.0    0.0 1008.8
10315 20220619  3   11.6   12.5   16.9   21.5   68.0    3.0   11.7    6.8    5.8    0.2 1004.8
10315 20220618  3   11.4   14.7   24.2   32.4   57.0    3.0    9.8   12.8    3.4    0.0 1009.2
10315 20220617  3    5.5    9.4   20.4   29.3   54.8    2.0    7.7    9.2    5.9    0.0 1016.4
10315 20220616  3    6.7   10.1   17.6   24.7   56.3    2.0    9.9   11.0    4.0    0.0 1015.8
10315 20220615  3    3.6    8.6   18.7   26.7   53.8    2.0    8.7   15.1    3.4    0.0 1012.6
10315 20220614  3    2.2    6.3   14.7   21.1   64.4    2.0    6.9   12.8    3.8    0.0 1016.3
10315 20220613  3    4.1    8.7   14.7   20.8   66.9    3.0   14.4    8.3    3.8    0.3 1015.3
10315 20220612  3    5.9   10.3   17.9   24.5   58.6    3.0   11.3   13.1    4.5    0.6 1015.1
10315 20220611  3   10.5   14.2   20.5   25.1   57.2    3.0   10.6   12.9    3.5    0.0 1015.5
10315 20220610  3    4.5    7.7   17.0   23.2   74.3    2.0    9.4    3.5    5.8    0.0 1015.1
10315 20220609  3    6.1    9.8   16.6   21.2   74.3    3.0   10.8    3.2    5.9    0.0 1007.6
10315 20220608  3    7.1   10.2   15.9   22.1   83.3    2.0   15.4    2.0    6.8    4.5 1001.7
10315 20220607  3    9.3   11.8   16.0   20.9   75.4    3.0   11.7    2.6    6.8    0.1 1005.8
10315 20220606  3   11.5   12.0   16.6   21.5   70.3    4.0   17.1    5.3    6.7    0.8 1007.1
10315 20220605  3   12.6   13.7   18.4   24.1   72.4    3.0   14.2    2.3    7.2    2.3 1007.8
10315 20220604  3   10.5   11.6   17.9   24.2   60.1    3.0   10.5    9.6    4.3    0.0 1014.0
10315 20220603  3    3.7    7.7   16.9   23.7   60.5    2.0    9.9   12.5    4.2    0.0 1012.8
10315 20220602  3    2.0    4.7   13.1   19.6   69.8    1.0    8.1   11.5    2.8    0.0 1014.9
10315 20220601  3    4.0    6.8   11.6   18.4   79.8    2.0   17.0    3.2    5.6    7.1 1008.7
10315 20220531  3    0.4    4.0   12.3   18.6   64.8    2.0    8.7    6.0    5.8    0.0 1007.4
10315 20220530  3    1.2    5.8   10.6   14.6   69.1    2.0    6.7    1.0    7.0    0.0 1007.5
10315 20220529  3    5.0    6.9   10.3   14.7   75.5    3.0    9.4    0.9    7.0    0.1 1007.9
10315 20220528  3    5.2    7.0   12.0   16.5   66.2    3.0   12.3    7.0    4.3    0.0 1012.8
10315 20220527  3    9.0   10.5   14.5   18.4   65.2    4.0   17.5    9.5    5.3    0.2 1013.0
10315 20220526  3   13.9   14.7   17.1   20.4   65.7    4.0   13.9    1.7    7.5    4.9 1012.3
10315 20220525  3    3.9    6.9   14.7   19.9   64.4    3.0   12.9    7.0    5.3    0.0 1008.1
10315 20220524  3    7.7    9.7   13.8   18.3   78.1    3.0   13.9    3.2    6.5    1.4  999.5
10315 20220523  3   12.3   13.7   18.7   25.8   67.6    3.0   13.9    4.0    7.0    6.6  996.1
10315 20220522  3    2.5    5.5   14.6   20.7   65.5    1.0    6.5   12.8    5.5    0.0 1009.7
10315 20220521  3    4.9    8.3   14.6   19.5   69.6    3.0   11.8    2.6    6.3    0.0 1013.4
10315 20220520  3    8.7   10.7   16.2   23.1   78.1    3.0   19.9    7.5    6.2    4.1 1011.5
10315 20220519  3   10.6   13.2   19.7   29.2   73.6    2.0   29.2    5.0    6.4   11.0 1012.3
10315 20220518  3   12.8   14.8   22.4   30.3   60.0    2.0    7.9   10.5    6.2    0.0 1014.1
10315 20220517  3    5.7    9.5   16.9   22.0   74.4    2.0    7.2    6.1    6.2    0.0 1014.5
10315 20220516  3    7.4   10.8   18.9   24.2   63.4    2.0   10.5    3.9    5.7    0.4 1010.0
10315 20220515  3    2.7    6.7   17.6   24.6   55.1    2.0    7.5   14.4    4.5    0.0 1013.3
10315 20220514  3    4.0    7.9   15.3   22.5   62.0    2.0    8.2   10.8    3.9    0.0 1014.6
10315 20220513  3    3.2    8.1   14.0   19.7   61.8    3.0   13.9    5.0    6.0    0.0 1012.4
10315 20220512  3    5.2    8.8   14.9   20.3   59.0    3.0   14.4   10.9    4.8    0.0 1010.7
10315 20220511  3   13.2   14.4   19.7   25.3   52.3    3.0   14.1   12.1    6.0    1.3 1004.1
10315 20220510  3    7.1   10.9   18.4   25.4   61.5    3.0   13.2    3.7    6.9    0.0 1010.6
10315 20220509  3   -1.3    3.4   15.2   24.4   61.7    2.0   10.8   13.3    2.4    0.0 1018.6
10315 20220508  3    2.1    6.9   11.8   17.8   63.0    2.0    8.2   12.7    2.5    0.0 1021.3
10315 20220507  3    3.8    7.5   14.4   23.0   74.2    2.0    9.6    5.2    6.3    2.6 1017.1
10315 20220506  3   -0.5    4.2   14.0   22.1   64.4    2.0    8.7   11.4    2.7    0.0 1018.0
10315 20220505  3    1.7    6.7   12.9   19.3   59.7    1.0    5.5    7.9    6.2    0.0 1015.7
10315 20220504  3   -1.2    3.0   10.7   17.8   64.5    2.0    7.5   10.9    4.4    0.0 1012.3
10315 20220503  3   -1.7    2.6   10.9   17.0   63.7    2.0    6.9    8.2    4.0    0.0 1012.5
10315 20220502  3   -1.7    2.7   12.1   19.1   61.7    2.0    9.3   10.9    1.8    0.0 1013.1
10315 20220501  3    2.4    5.6   10.6   14.2   62.8    2.0    4.6    0.3    7.2    0.0 1017.1
10315 20220430  3    0.0    3.8    9.6   14.8   64.5    2.0    8.6    5.8    6.5    0.0 1019.7
10315 20220429  3   -0.4    3.5    9.0   14.1   72.0    3.0    9.6    2.5    7.2    0.0 1022.5
10315 20220428  3   -3.5    0.5    9.0   16.2   68.6    2.0    8.2   12.8    2.5    0.0 1023.6
10315 20220427  3   -2.7    1.0    8.8   16.0   66.1    2.0    7.7   13.4    1.3    0.0 1019.5
10315 20220426  3    0.0    3.8    9.8   15.5   73.5    3.0    9.8   10.4    3.2    0.0 1011.4
10315 20220425  3    2.9    5.5    8.3   10.8   88.1    2.0    6.7    0.0    7.7    0.8 1005.7
10315 20220424  3    5.9    7.1   11.4   16.6   61.0    3.0   12.5   10.2    3.0    1.4  999.0
10315 20220423  3    6.8    9.8   13.4   17.4   55.4    3.0   13.2   12.1    3.2    0.0 1000.1
10315 20220422  3    6.6    8.0   12.1   16.2   68.6    3.0   12.0    5.1    4.9    0.0 1002.2
10315 20220421  3    1.6    5.0   11.0   15.8   63.0    2.0   10.6    7.9    6.2    0.0 1007.2
10315 20220420  3   -1.5    2.8   10.8   16.2   54.2    2.0   12.3   13.2    1.7    0.0 1010.5
10315 20220419  3   -1.2    2.1   10.6   16.3   55.3    2.0   10.3   13.1    1.8    0.0 1009.4
10315 20220418  3   -0.4    4.6   12.0   18.8   45.1    2.0    6.2   13.1    0.8    0.0 1012.8
10315 20220417  3   -3.0    0.8   10.7   17.1   44.8    2.0    8.2   13.1    0.9    0.0 1021.3
10315 20220416  3   -0.8    3.4    9.1   14.2   60.5    2.0    9.8   12.4    1.4    0.0 1026.6
10315 20220415  3    0.1    3.9    7.7   10.3   84.2    2.0    6.0    0.0    5.6    0.0 1021.5
10315 20220414  3    3.5    7.6   13.5   18.5   78.3    2.0    8.2    4.5    5.2    0.0 1014.8
10315 20220413  3    5.4    8.6   15.2   21.3   68.4    2.0    9.1    6.6    6.9    2.1 1009.7
10315 20220412  3    5.0    7.7   14.6   21.4   49.5    2.0    9.9    8.9    7.0    0.0 1005.4
10315 20220411  3   -2.6   -0.6    7.8   14.5   62.0    2.0    8.7    9.7    6.5    0.0 1011.4
10315 20220410  3   -2.3   -0.1    4.6   10.0   79.2    2.0   11.1    7.8    3.9    0.6 1012.9
10315 20220409  3    0.3    1.9    4.5    9.4   81.7    4.0   18.3    5.8    4.8    5.0 1002.9
10315 20220408  3    1.6    3.6    6.3    9.0   70.7    4.0   15.8    4.3    7.0    0.0  990.7
10315 20220407  3    4.6    4.3    8.8   11.8   75.3    5.0   30.5    3.2    7.0   18.4  979.8
10315 20220406  3    7.7    9.1    9.8   11.0   77.9    4.0   15.8    0.0    7.5    1.5  993.0
10315 20220405  3    5.7    6.2    8.8   13.1   90.8    3.0   14.2    0.4    7.3    4.0  997.7
10315 20220404  3    0.7    1.6    4.6    7.2   83.8    4.0   20.2    0.0    7.7   14.3 1001.8
10315 20220403  3   -7.2   -3.6    2.1    8.9   76.1    2.0   10.5    3.1    5.8    1.1 1014.8
10315 20220402  3   -4.5   -0.3    2.9    6.9   58.8    3.0   13.7    2.9    6.7    0.0 1011.3
10315 20220401  3   -0.5   -0.5    0.8    2.6   84.8    4.0   13.5    0.0    7.8    0.6 1002.4
10315 20220331  3   -1.2    0.1    3.6    7.2   83.6    2.0   12.3    0.0    7.6    3.6  994.7
10315 20220330  3   -3.7   -0.6    4.5    9.4   79.0    2.0    7.7    4.1    6.0    0.4  998.8
10315 20220329  3   -3.0    1.4    7.2   12.7   75.3    2.0    6.7    7.0    4.4    0.0 1006.5
10315 20220328  3   -1.3    1.2    7.3   14.2   80.5    2.0    6.3   11.1    1.9    0.0 1015.9
10315 20220327  3    0.0    3.8    9.1   15.2   73.3    2.0    7.5   11.4    2.2    0.0 1024.5
10315 20220326  3   -2.4    1.3   10.1   18.3   68.9    2.0    9.1   10.1    2.7    0.0 1025.3
10315 20220325  3   -3.2    0.2    8.9   17.1   61.9    2.0    8.7   10.0    1.4    0.0 1023.9
10315 20220324  3   -3.4    0.1    9.0   18.4   54.5    1.0    6.2   10.9    0.0    0.0 1022.7
10315 20220323  3   -4.3   -0.5    9.5   19.0   53.5    1.0    4.5   11.3    0.0    0.0 1024.1
10315 20220322  3   -1.4    3.4   11.4   19.1   49.5    2.0    6.5   10.9    2.3    0.0 1025.4
10315 20220321  3   -1.1    2.0   10.3   17.6   63.3    1.0    5.5   10.3    1.8    0.0 1024.8
10315 20220320  3    0.9    2.6    7.8   14.0   58.5    3.0   13.2    6.3    4.7    0.0 1024.1
10315 20220319  3   -2.3    2.1    7.6   11.7   61.8    2.0   11.8   10.0    0.7    0.0 1035.5
10315 20220318  3   -4.9   -2.2    6.4   13.9   72.3    2.0    8.4   11.0    1.3    0.0 1036.5
10315 20220317  3   -2.7    0.9    8.1   10.2   71.8    2.0   14.6    0.3    6.7    0.8 1022.2
10315 20220316  3   -2.8   -0.9    8.1   14.7   72.5    2.0   11.8    7.3    5.7    0.0 1018.1
10315 20220315  3   -2.0    1.1    6.5   12.1   81.9    1.0    4.5    0.7    5.3    0.0 1019.4
10315 20220314  3   -0.3    2.0    8.3   13.2   76.8    2.0   11.0    3.1    6.0    6.4 1017.8
10315 20220313  3    0.4    4.3   10.2   16.6   41.8    2.0    6.9   10.5    5.6    4.1 1009.6
10315 20220312  3    2.4    4.2    9.3   14.9   46.5    2.0    8.6    6.8    6.5    0.0 1011.4
10315 20220311  3    1.1    3.3    8.0   13.1   42.8    3.0   12.2   10.5    1.3    0.0 1011.9
10315 20220310  3   -6.0   -1.2    8.1   16.0   46.4    2.0    8.7   10.6    1.8    0.0 1018.0
10315 20220309  3   -5.7   -0.1    5.9   13.3   47.0    2.0    7.2   10.5    0.4    0.0 1017.4
10315 20220308  3   -5.8   -1.0    4.9   10.8   54.0    2.0   10.6   10.5    0.3    0.0 1017.3
10315 20220307  3   -8.1   -4.0    2.2    7.7   70.6    2.0    7.2    9.9    2.1    0.0 1020.8
10315 20220306  3   -7.6   -3.5    0.7    5.3   70.2    2.0    8.9    8.1    2.8    0.0 1019.8
10315 20220305  3   -6.3   -1.6    2.5    8.3   64.8    2.0    6.7   10.1    0.3    0.0 1016.0
10315 20220304  3   -5.6   -2.4    1.7    7.8   73.5    2.0    8.1   10.1    0.0    0.0 1016.1
10315 20220303  3   -6.4   -4.0    3.5   10.5   62.4    2.0    8.2   10.1    0.5    0.0 1014.2
10315 20220302  3   -4.4   -0.8    5.0   11.0   55.8    1.0    7.4    9.6    3.0    0.0 1018.1
10315 20220301  3   -1.2    0.4    4.7    9.1   60.4    2.0    5.5    2.9    5.8    0.0 1022.4
10315 20220228  3   -3.9   -0.3    4.8   10.5   60.2    2.0    7.7    9.9    0.3    0.0 1025.0
10315 20220227  3   -4.5   -1.9    3.8    9.1   67.5    2.0   10.6    9.8    0.0    0.0 1026.9
10315 20220226  3   -4.4   -2.6    2.5    8.5   80.1    1.0    4.6    9.5    1.3    0.0 1027.7
10315 20220225  3   -1.5    1.5    3.8    7.8   79.8    4.0   15.3    3.6    4.3    1.6 1013.9
10315 20220224  3    1.2    2.5    7.1   11.0   69.9    4.0   23.0    2.4    6.9    1.3 1004.2
10315 20220223  3    0.1    2.7    6.9   11.0   71.0    3.0   11.7    9.4    2.2    0.0 1015.7
10315 20220222  3    1.0    2.6    5.9    9.0   83.8    4.0   15.4    1.2    5.6    5.3 1008.7
10315 20220221  3    1.9    3.0    5.3    7.1   79.3    5.0   20.2    0.1    6.9    5.2  992.1
10315 20220220  3    3.4    3.9    7.7   10.6   86.0    5.0   25.0    0.0    8.0   14.1  996.0
10315 20220219  3    3.0    3.4    5.8    7.8   65.5    5.0   26.1    2.0    6.9    5.5 1001.4
10315 20220218  3    3.7    5.1    7.8   12.5   76.8    5.0   34.0    0.2    6.9    5.9  992.7
10315 20220217  3    3.3    5.1    8.6   12.2   64.4    6.0   29.7    2.2    5.9    3.0  994.5
10315 20220216  3    6.8    7.2   10.0   12.7   91.2    4.0   24.7    0.0    8.0   12.4  989.1
10315 20220215  3    5.0    5.7    7.1    8.6   75.1    4.0   15.4    2.0    7.3    6.0 1001.5
10315 20220214  3    4.2    6.6    9.3   11.5   67.4    4.0   16.1    1.5    6.9    0.3  995.3
10315 20220213  3   -4.6   -1.4    4.6    9.6   64.0    3.0   10.3    7.1    5.5    0.0 1005.8
10315 20220212  3   -5.4   -3.4    1.4    6.6   72.1    2.0   10.1    7.7    3.7    0.0 1021.5
10315 20220211  3   -4.6   -2.5    3.4    5.7   80.6    3.0   18.0    0.2    5.3    0.6 1020.0
10315 20220210  3    2.8    3.9    6.8    8.6   84.0    2.0    8.7    0.1    7.1    3.7 1013.1
10315 20220209  3    7.4    7.8    8.7    9.8   84.4    3.0   10.8    0.0    7.2    1.0 1017.8
10315 20220208  3    4.7    5.4    8.3   10.3   85.4    4.0   12.3    0.0    7.3    0.1 1018.7
10315 20220207  3    0.7    2.8    5.2    8.2   73.8    4.0   15.3    3.8    5.5    0.5 1012.2
10315 20220206  3    1.0    2.6    6.2    8.1   87.3    5.0   21.6    0.0    7.5   12.9  995.3
10315 20220205  3    2.0    3.1    5.2    7.2   75.2    4.0   16.6    3.2    5.8    7.4 1009.5
10315 20220204  3    2.4    3.0    6.3    8.2   84.7    4.0   19.7    0.1    7.0    5.6 1002.4
10315 20220203  3    4.8    5.2    7.2    8.4   89.1    3.0   11.7    0.0    7.9    0.9 1008.8
10315 20220202  3   -1.0    0.6    5.9    9.4   76.3    3.0   21.1    4.1    6.5    0.5 1010.6
10315 20220201  3    0.4    1.9    5.3    8.6   85.5    4.0   24.4    0.0    7.3    4.4 1006.2
10315 20220131  3    1.1    1.7    4.4    7.1   86.4    3.0   13.0    0.2    7.3    6.6 1002.6
10315 20220130  3   -1.1    1.8    5.1    7.4   67.4    4.0   15.9    2.9    5.0    4.0 1018.2
10315 20220129  3    4.3    5.6    7.8   11.5   83.8    5.0   20.9    0.0    7.5    0.3 1015.0
10315 20220128  3    1.9    3.8    5.2    7.1   74.9    3.0   13.2    1.8    6.1    0.2 1024.2
10315 20220127  3    2.7    3.3    5.4    7.8   85.3    4.0   15.1    0.0    6.8    1.6 1015.7
10315 20220126  3    1.3    1.4    2.5    3.3   86.1    3.0   11.1    0.0    8.0    0.0 1024.0
10315 20220125  3    2.1    2.2    3.1    4.1   80.9    1.0    4.1    0.0    8.0    0.0 1027.3
10315 20220124  3    3.6    4.0    4.9    5.8   82.7    1.0    3.6    0.0    7.6    0.0 1028.2
10315 20220123  3    2.4    3.4    5.2    6.8   89.2    1.0    3.6    0.0    7.1    0.0 1029.0
10315 20220122  3    4.3    4.9    5.7    7.0   94.8    3.0    9.3    0.0    7.6    1.7 1025.7
10315 20220121  3   -1.4   -0.1    3.1    5.3   91.6    3.0    9.1    1.0    7.3    2.7 1024.6
10315 20220120  3   -1.3    0.3    2.7    4.6   80.8    3.0   15.3    1.8    5.6    0.2 1018.6
10315 20220119  3   -2.9   -0.2    3.3    5.7   91.4    3.0   10.6    0.0    6.1    1.6 1017.6
10315 20220118  3    2.2    3.7    5.8    7.1   91.1    2.0    6.2    0.0    7.2    0.0 1030.7
10315 20220117  3    3.2    4.6    6.4    8.9   84.6    3.0   11.3    0.1    6.7    0.3 1024.5
10315 20220116  3    1.9    1.6    3.9    6.1   91.5    3.0    9.9    0.0    7.7    0.6 1017.1
10315 20220115  3    1.9    1.6    3.8    4.9   95.8    2.0    5.7    0.0    8.0    0.0 1022.2
10315 20220114  3    1.9    1.8    3.2    4.5   97.8    2.0    6.7    0.0    8.0    0.4 1028.5
10315 20220113  3    1.9    1.7    2.2    2.8   96.8    3.0    7.2    0.0    7.7    0.0 1032.9
10315 20220112  3    0.1    1.6    2.7    5.2   88.9    2.0    5.7    0.0    7.3    0.2 1032.0
10315 20220111  3   -4.5   -3.2   -0.2    5.1   91.1    1.0    5.1    5.8    5.8    0.2 1026.9
10315 20220110  3   -3.2   -1.9    1.1    6.0   94.8    1.0    2.9    4.7    5.0    0.0 1015.0
10315 20220109  3   -0.4    1.9    4.3    6.0   87.9    3.0   11.8    0.0    6.9    0.1  991.7
10315 20220108  3   -3.7   -1.9    1.6    3.9   90.3    3.0   11.1    1.1    5.1   10.6  998.5
10315 20220107  3    0.1    1.1    2.7    5.2   86.6    3.0   11.7    0.0    7.4    2.3 1004.5
10315 20220106  3   -3.4   -1.4    2.6    5.9   84.6    2.0   12.3    5.2    3.7    0.4 1010.4
10315 20220105  3    0.8    2.0    3.9    6.4   82.3    4.0   15.3    0.3    5.7    4.1  996.6
10315 20220104  3    1.6    3.4    6.8    8.8   86.3    3.0   11.3    0.0    7.4    0.2  991.0
10315 20220103  3    7.3    8.5    9.9   11.1   77.0    4.0   15.9    1.2    6.8    0.0 1001.6
10315 20220102  3    8.0    9.7   11.7   13.6   81.4    3.0   18.5    0.3    7.2    2.4 1005.8
10315 20220101  3    7.1    9.4   12.5   14.4   82.6    3.0    8.2    0.1    7.2    1.3 1015.8
10315 20211231  3   12.1   12.6   13.4   14.4   80.0    4.0   14.7    0.3    7.3    0.0 1011.1
10315 20211230  3    8.6   10.1   12.8   14.5   89.7    4.0   14.1    0.0    7.4    1.8 1006.8
10315 20211229  3    6.7    7.0    8.6   12.0   95.3    3.0   10.6    0.0    7.9    4.8  998.1
10315 20211228  3    2.9    4.5    6.7    9.6   93.0    2.0   15.8    0.3    6.8    4.6  987.5
10315 20211227  3    1.0    1.1    3.4    5.9   89.0    2.0    6.5    0.4    7.3    1.2  994.5
10315 20211226  3   -6.5   -4.9   -1.9    1.1   65.5    2.0    7.4    0.0    4.5    0.0 1001.7
10315 20211225  3   -6.9   -5.3   -2.2    1.1   65.6    3.0   10.1    6.2    3.3    0.0 1004.1
10315 20211224  3    0.8    1.1    6.5    9.3   94.0    3.0   12.7    0.0    7.9    4.3  996.7
10315 20211223  3   -2.9   -2.8    0.3    6.1   93.5    2.0   10.8    0.0    7.7    6.1 1003.6
10315 20211222  3   -4.7   -5.3   -3.3   -1.5   95.8    1.0    3.4    2.3    7.4    0.0 1018.1
10315 20211221  3   -3.8   -4.4   -3.7   -2.6   97.1    1.0    2.6    0.0    7.9    0.0 1021.0
10315 20211220  3   -4.1   -3.2   -0.3    5.2   96.1    1.0    3.1    0.0    2.1    0.0 1021.8
10315 20211219  3    2.0    5.3    6.3    7.1   91.9    3.0    7.2    0.0    7.8    0.3 1023.4
10315 20211218  3    5.6    5.4    6.6    7.6   96.3    2.0    7.5    0.0    7.8    0.3 1031.8
10315 20211217  3    7.1    7.2    7.8    8.8   94.0    1.0    4.8    0.0    7.8    0.3 1033.5
10315 20211216  3    4.1    6.3    8.4    9.5   94.7    2.0    6.2    0.0    7.4    0.2 1030.2
10315 20211215  3    6.7    7.7    9.0    9.7   92.8    3.0    7.5    0.0    7.5    0.0 1023.9
10315 20211214  3    6.9    7.3    8.1    8.8   89.8    2.0    6.7    0.0    7.7    1.0 1020.6
10315 20211213  3    7.3    8.0    9.1    9.8   90.5    2.0    6.9    0.0    7.9    0.0 1020.0
10315 20211212  3    1.4    2.6    6.1    9.6   95.3    3.0    8.7    0.0    7.9    4.3 1015.2
10315 20211211  3   -5.9   -4.8   -1.2    3.2   97.8    1.0    4.6    1.0    6.3    0.9 1008.2
10315 20211210  3   -5.4   -4.2    1.8    5.5   84.6    2.0    7.7    5.1    5.3    0.0  990.6
10315 20211209  3   -2.4    0.5    3.1    4.6   87.0    2.0    8.7    2.4    6.4    1.2  997.0
10315 20211208  3   -2.1    0.4    4.1    6.8   84.3    3.0    9.9    1.8    7.1    0.0  991.8
10315 20211207  3   -0.8    0.8    2.9    4.8   86.3    3.0   10.6    1.6    7.0    2.0  999.5
10315 20211206  3   -1.3    0.4    2.7    4.0   89.0    2.0    6.2    1.3    7.1    1.6 1005.6
10315 20211205  3    1.6    2.7    4.3    5.7   84.6    2.0    7.2    0.0    7.1    0.0  997.1
10315 20211204  3    3.0    3.1    4.0    5.3   93.0    2.0    8.4    0.0    7.9    5.8  990.8
10315 20211203  3   -5.1   -2.7    1.9    4.4   89.6    3.0   13.4    0.0    7.0    0.3 1000.4
10315 20211202  3   -4.5   -2.2    1.9    4.5   90.5    3.0    8.7    0.0    5.6    0.2  995.4
10315 20211201  3    2.7    4.0    7.7    9.6   86.4    5.0   18.0    0.0    7.0    2.8  986.2
10315 20211130  3    2.1    2.5    6.1    8.8   91.5    4.0   14.7    0.0    7.7    7.0  998.3
10315 20211129  3   -2.3   -0.6    1.9    4.3   88.7    2.0    8.1    0.8    6.3    1.1  999.9
10315 20211128  3   -3.7   -2.0    1.0    3.8   92.2    2.0    5.7    0.0    6.7    0.1  991.0
10315 20211127  3   -2.4   -0.6    3.0    4.7   86.3    2.0    7.7    0.2    7.3    0.4  982.8
10315 20211126  3    2.3    2.8    4.0    5.1   85.2    3.0   12.9    0.1    7.4    0.9  988.7
10315 20211125  3   -2.1    0.6    3.8    4.9   91.0    2.0    7.2    0.1    7.3    0.5 1004.3
10315 20211124  3    4.4    4.8    6.0    7.2   94.6    1.0    3.1    0.2    7.2    0.0 1015.8
10315 20211123  3   -3.6   -2.4    4.1    7.2   97.3    1.0    5.1    0.0    7.5    0.8 1022.8
10315 20211122  3   -3.7   -1.8    2.9    6.8   87.8    2.0    8.1    7.4    1.9    1.3 1019.5
10315 20211121  3   -1.2    1.8    6.8   10.0   90.1    2.0    7.5    1.9    5.3    0.8 1006.4
10315 20211120  3    7.4    7.7    9.9   11.1   84.8    3.0   10.6    0.0    7.3    0.4 1016.4
10315 20211119  3    9.7   10.0   11.1   12.4   89.0    3.0    9.3    0.0    7.5    0.1 1021.3
10315 20211118  3    4.5    6.2    8.4   10.6   85.1    3.0   11.5    2.7    7.3    0.0 1020.1
10315 20211117  3    3.1    4.2    6.3    8.7   92.0    2.0    7.7    0.3    7.1    0.5 1014.6
10315 20211116  3    4.0    4.2    4.7    5.3   92.0    1.0    6.7    0.0    7.9    0.2 1016.5
10315 20211115  3    5.2    5.3    6.0    7.5   84.5    2.0    6.2    0.0    7.7    0.0 1020.4
10315 20211114  3    4.2    6.2    8.2   10.0   88.3    2.0    8.2    0.1    7.1    0.0 1017.0
10315 20211113  3    6.8    7.0    8.1    9.2   92.3    2.0    8.9    0.0    7.8    0.5 1006.3
10315 20211112  3    3.7    6.4    7.4    9.6   85.5    2.0    8.2    3.2    6.8    1.1 1010.9
10315 20211111  3   -0.3    1.3    5.3    8.3   91.2    1.0    3.4    0.9    6.9    0.0 1018.1
10315 20211110  3   -2.5   -0.4    3.7    9.8   90.7    1.0    4.1    4.8    4.1    0.0 1018.5
10315 20211109  3   -0.7    1.8    6.9   12.4   84.8    2.0    8.7    8.0    2.7    0.0 1020.1
10315 20211108  3    2.3    4.2    7.9   11.4   87.2    2.0    8.2    1.7    5.9    0.1 1015.4
10315 20211107  3    3.9    5.2    8.6   11.8   86.0    4.0   14.1    1.7    5.8    4.1 1008.4
10315 20211106  3    5.0    6.3    8.5   10.6   81.4    3.0   14.1    0.0    6.9    1.6 1018.1
10315 20211105  3    2.7    5.6    7.9   10.8   91.6    2.0    7.5    0.6    6.9    0.3 1014.7
10315 20211104  3    5.2    5.6    6.5    7.9   93.4    2.0    7.2    0.1    7.4    0.6 1000.0
10315 20211103  3   -0.2    1.9    5.7    8.6   94.0    1.0    4.5    0.0    6.1    0.5  995.5
10315 20211102  3    1.4    4.6    8.5   11.2   81.8    2.0    7.7    4.6    5.6    0.0  993.8
10315 20211101  3    3.7    7.0   10.4   13.5   77.0    3.0   12.9    4.9    3.8    0.0  993.3
10315 20211031  3    7.1    9.4   13.1   17.7   85.9    3.0   17.0    2.6    7.1    4.8  996.5
10315 20211030  3    9.2    9.9   11.6   13.5   82.4    2.0    8.6    0.0    7.4    2.4  998.1
10315 20211029  3    4.2    5.9   11.0   15.9   76.0    2.0   10.1    6.0    4.1    0.0 1002.7
10315 20211028  3    2.8    6.1   10.9   17.5   80.8    2.0    7.7    8.8    1.3    0.0 1010.6
10315 20211027  3    4.4    7.8   13.2   16.4   84.2    3.0    9.1    0.9    5.8    0.0 1015.6
10315 20211026  3    9.8   11.0   12.5   14.4   80.8    3.0   10.3    1.7    7.2    0.0 1013.4
10315 20211025  3   -1.5    1.8    9.1   13.9   82.0    2.0    7.2    3.3    5.1    0.1 1012.0
10315 20211024  3   -0.4    2.2    6.5   13.2   82.2    2.0    7.2    9.2    1.4    0.0 1017.9
10315 20211023  3    0.3    2.0    7.3   12.7   82.0    2.0    6.7    5.5    5.4    0.0 1020.5
10315 20211022  3    1.3    3.6    7.4   10.9   82.3    4.0   19.0    2.8    3.7    4.8 1008.3
10315 20211021  3    3.9    5.7   10.1   15.3   82.7    4.0   20.6    0.5    5.0    7.4  992.9
10315 20211020  3   12.4   14.1   16.1   18.1   75.7    4.0   18.5    0.7    6.1    4.1  997.5
10315 20211019  3   10.2   10.9   14.5   17.5   88.7    3.0   11.0    0.0    6.5    0.0 1010.2
10315 20211018  3    6.3    7.5   10.8   15.2   78.5    2.0    7.2    3.2    7.0    0.0 1015.8
10315 20211017  3    4.8    6.5    9.0   13.2   81.9    1.0    5.7    0.0    7.1    0.0 1014.6
10315 20211016  3   -1.4    0.5    5.8   11.8   86.3    1.0    4.1    0.0    5.2    0.0 1015.6
10315 20211015  3    0.3    3.0   10.3   14.0   80.1    3.0   12.3    3.8    4.3    1.7 1010.8
10315 20211014  3   10.3   10.4   12.3   14.1   86.5    3.0    9.6    0.0    7.6    0.7 1015.5
10315 20211013  3    1.2    4.4    9.4   14.1   85.9    2.0    8.2    1.9    6.4    0.3 1017.5
10315 20211012  3    3.3    5.5    9.8   13.9   84.7    2.0   11.3    2.9    5.7    2.6 1013.1
10315 20211011  3    5.0    7.3   10.9   15.2   86.9    2.0    8.4    3.1    6.2    0.3 1018.4
10315 20211010  3   -1.2    2.2    8.3   16.3   82.8    1.0    4.1    9.9    3.6    0.5 1020.5
10315 20211009  3    1.9    6.0   10.8   16.9   79.8    2.0    6.2    9.4    1.6    0.0 1023.5
10315 20211008  3    0.9    2.9   10.6   18.2   84.2    1.0    7.2    9.9    1.2    0.0 1024.9
10315 20211007  3    3.0    5.1   10.5   15.3   90.9    1.0    4.6    3.1    4.8    0.0 1021.3
10315 20211006  3    8.9   10.4   11.4   12.2   88.6    3.0   12.7    0.2    6.8    6.9 1007.2
10315 20211005  3    7.0    8.5   12.3   18.0   83.2    2.0    9.9    4.2    6.3    1.2 1001.9
10315 20211004  3    5.6    8.2   12.7   17.7   77.1    3.0   11.0    5.6    5.0    0.0 1009.0
10315 20211003  3    9.1   10.5   16.2   19.6   81.2    4.0   14.4    0.0    7.8    3.0  995.3
10315 20211002  3   11.5   12.3   14.6   18.5   82.1    3.0   12.9    0.5    7.4    1.2 1002.0
10315 20211001  3    8.4   10.0   13.9   18.7   66.0    3.0   12.5    2.2    7.0    1.9 1009.8
10315 20210930  3    6.7    8.0   11.6   15.5   71.2    3.0   12.3    6.5    4.9    0.0 1017.0
10315 20210929  3    8.1    9.3   10.9   14.1   86.9    3.0   14.2    1.4    6.9    3.8 1010.5
10315 20210928  3    6.1    8.4   12.7   17.5   85.0    2.0    6.2    7.8    5.0    0.0 1015.5
10315 20210927  3    9.6   11.4   17.0   21.6   84.6    2.0   12.3    1.8    6.0    5.8 1009.3
10315 20210926  3   11.7   13.8   18.6   24.3   78.0    2.0    8.2    5.5    5.3    0.0 1008.9
10315 20210925  3   12.4   15.2   17.4   21.7   80.9    2.0    6.2    6.0    5.8    0.0 1009.7
10315 20210924  3   11.7   12.4   16.0   19.1   86.2    3.0   10.1    0.7    6.3    0.0 1009.2
10315 20210923  3    4.5    7.7   14.0   18.9   83.1    3.0   14.4    4.5    5.4    0.9 1011.3
10315 20210922  3    3.8    6.3   12.8   19.7   82.0    2.0    6.7    6.8    4.3    0.0 1021.2
10315 20210921  3    2.7    5.3   11.7   17.6   76.2    2.0    7.0    3.0    5.8    0.0 1023.0
10315 20210920  3    5.6    8.0   12.2   15.4   71.0    2.0    7.7    0.3    6.5    0.0 1016.1
10315 20210919  3   10.5   12.0   14.3   17.1   76.5    2.0    7.2    0.2    6.7    0.0 1010.9
10315 20210918  3    8.1    9.9   15.2   20.3   79.0    2.0    6.2    8.7    5.0    0.0 1011.0
10315 20210917  3    8.5   10.3   14.8   19.8   88.1    1.0    3.6    0.9    6.0    0.0 1009.9
10315 20210916  3    8.9   11.1   15.4   20.7   80.7    3.0   11.5    2.5    5.0    0.7 1009.3
10315 20210915  3   15.3   15.6   18.4   22.0   88.1    2.0    8.2    0.4    7.4   25.2 1004.8
10315 20210914  3    5.4    8.7   17.9   24.9   77.0    2.0    7.4    8.9    5.0    0.4 1008.6
10315 20210913  3    5.0    8.7   14.4   20.6   85.7    1.0    6.5    2.0    6.1    0.0 1012.6
10315 20210912  3    7.7   12.0   18.1   21.8   74.7    2.0    9.8    8.1    6.5    0.0 1011.4
10315 20210911  3   14.8   16.4   18.8   21.7   80.7    3.0    9.6    2.0    6.5    0.0 1009.9
10315 20210910  3   13.2   16.2   20.6   26.4   81.7    2.0    9.6    4.5    6.9    0.1 1006.8
10315 20210909  3   11.3   15.3   21.7   28.6   65.9    2.0    7.9    9.4    3.6    0.0 1004.8
10315 20210908  3    7.0   10.5   19.4   26.7   66.7    2.0    6.2   12.1    0.6    0.0 1011.2
10315 20210907  3    7.8   10.8   17.5   24.5   73.7    1.0    4.6    7.8    4.3    0.0 1017.5
10315 20210906  3    2.9    6.9   15.9   23.3   75.4    1.0    4.5    9.0    4.6    0.0 1017.8
10315 20210905  3    2.8    7.6   15.5   23.1   77.2    2.0    6.5   12.2    1.6    0.0 1015.5
10315 20210904  3    5.7   10.9   15.4   21.0   77.0    2.0    6.5    9.2    3.3    0.0 1013.4
10315 20210903  3    5.9    9.0   16.2   23.3   78.5    2.0    5.1   12.0    0.4    0.0 1015.2
10315 20210902  3    5.0    7.3   14.7   22.1   82.5    1.0    5.4    9.6    1.3    0.0 1020.7
10315 20210901  3    6.2    9.5   14.9   18.3   81.3    1.0    4.1    1.8    5.5    0.0 1021.8
10315 20210831  3   11.7   13.0   16.7   22.3   79.0    2.0    8.2    7.8    4.1    0.0 1018.0
10315 20210830  3   11.3   13.6   17.3   21.9   81.1    3.0    8.9    2.7    6.2    0.0 1013.5
10315 20210829  3   14.0   14.2   15.9   18.6   90.3    3.0    8.9    0.1    7.5    2.5 1011.7
10315 20210828  3   12.8   13.2   15.6   19.2   87.4    3.0    9.9    0.7    7.3    4.2 1012.3
10315 20210827  3   10.4   11.6   14.8   18.6   85.7    3.0   10.8    2.4    6.1    3.5 1009.7
10315 20210826  3    9.3   11.0   15.3   19.9   80.2    2.0   12.5    2.1    5.4    9.4 1007.8
10315 20210825  3    5.0    7.1   15.6   22.8   74.4    2.0    9.6    9.7    4.7    1.1 1015.3
10315 20210824  3    6.4    9.7   15.6   21.5   71.2    2.0   10.3   12.4    3.0    0.0 1021.5
10315 20210823  3    8.5   12.0   17.6   22.2   76.7    2.0    9.8    7.0    4.5    0.0 1016.8
10315 20210822  3   15.6   16.1   18.8   23.3   81.4    2.0   10.1    2.9    6.9    5.5 1008.9
10315 20210821  3    9.5   11.9   18.1   24.2   80.3    1.0    5.1    2.9    5.3    2.0 1011.5
10315 20210820  3    9.6   12.5   17.6   23.2   82.2    2.0    7.5    5.2    5.5    1.0 1010.2
10315 20210819  3   14.1   14.9   16.9   18.6   85.4    3.0   10.8    0.0    7.7    1.0 1007.1
10315 20210818  3   14.1   14.3   17.0   20.2   79.2    3.0   11.7    0.0    7.3    0.0 1007.8
10315 20210817  3   11.6   12.7   14.8   17.8   80.2    4.0   13.4    2.2    7.1    3.7 1009.2
10315 20210816  3   11.7   12.2   15.9   18.2   76.4    4.0   15.1    1.4    6.6    3.4 1004.1
10315 20210815  3    9.4   12.0   19.5   26.8   71.2    2.0   11.5    6.9    5.7    1.6 1006.9
10315 20210814  3    8.7   11.8   18.5   25.1   69.9    2.0   11.5   11.3    2.9    0.0 1013.7
10315 20210813  3    9.8   13.6   19.5   25.9   71.3    2.0   11.8    5.9    5.0    0.0 1014.5
10315 20210812  3   10.0   12.7   19.8   26.5   72.1    2.0    7.0    8.1    5.2    0.0 1013.4
10315 20210811  3    8.6   11.3   17.6   24.5   78.0    1.0    6.0    9.2    4.5    0.0 1013.2
10315 20210810  3    9.5   13.0   17.4   23.1   76.9    3.0   11.5    5.7    5.6    0.1 1010.0
10315 20210809  3   11.4   12.9   17.1   22.3   72.3    3.0   12.7    4.4    4.8    0.1 1009.1
10315 20210808  3   12.8   14.0   16.9   21.4   72.9    4.0   14.9    4.6    6.1    1.3 1002.2
10315 20210807  3   12.4   13.7   17.7   22.5   79.6    2.0   14.6    3.7    6.3   10.6  996.8
10315 20210806  3   13.2   14.3   17.9   23.3   79.5    3.0   10.6    2.3    5.6    1.0  997.3
10315 20210805  3   13.6   14.3   18.6   24.9   75.5    2.0    7.9    6.1    5.7    0.0 1002.4
10315 20210804  3   13.3   14.2   17.3   22.5   77.9    2.0    6.9    6.2    6.4    0.8 1007.1
10315 20210803  3    8.3    9.7   15.1   19.8   79.1    1.0    3.6    0.7    6.3    0.0 1007.6
10315 20210802  3    8.8   10.1   15.6   21.0   74.7    2.0    8.7    3.6    5.1    1.1 1007.3
10315 20210801  3    9.1   11.1   16.1   21.4   82.8    2.0   11.5    5.5    4.7    4.7 1003.1
10315 20210731  3   10.3   12.7   16.9   20.9   76.5    4.0   15.9    2.6    5.3    2.4 1000.7
10315 20210730  3    9.2   11.1   18.5   25.3   67.5    2.0   18.5    7.3    5.5    2.0 1001.7
10315 20210729  3    9.7   12.7   18.0   21.4   63.0    4.0   15.6    6.3    5.5    0.0 1004.2
10315 20210728  3   14.2   15.1   18.9   24.4   73.0    3.0   14.7    3.8    5.9    0.0 1003.6
10315 20210727  3   14.5   15.3   18.7   25.2   82.6    3.0   14.2    3.0    7.0   19.4 1005.3
10315 20210726  3   13.3   15.2   20.9   26.7   71.0    2.0   11.3    9.2    5.2    5.5 1003.9
10315 20210725  3   14.4   16.1   21.1   27.1   75.2    2.0    7.9    9.9    4.6    0.4 1002.3
10315 20210724  3   10.4   13.8   20.0   27.5   76.3    2.0    9.3    7.5    6.6    7.7 1003.5
10315 20210723  3    6.2    9.6   17.0   22.8   72.5    2.0    7.0   13.1    1.3    0.0 1011.5
10315 20210722  3    8.7   12.2   18.6   23.9   72.4    2.0    7.7    9.5    2.9    0.0 1015.2
10315 20210721  3   10.0   12.6   18.2   23.2   74.9    1.0    5.8    0.9    6.8    0.0 1017.1
10315 20210720  3    8.2   10.9   16.9   21.9   67.8    2.0    6.5    3.9    6.0    0.0 1015.3
10315 20210719  3   10.2   12.7   16.5   20.8   76.9    2.0    7.2    3.5    4.6    0.0 1015.4
10315 20210718  3   11.5   13.9   20.3   27.0   72.4    2.0    9.1   13.3    2.0    0.0 1016.4
10315 20210717  3   14.2   16.0   20.5   26.0   70.3    3.0    9.8   12.2    2.8    0.0 1017.9
10315 20210716  3   14.2   15.6   18.0   20.6   79.8    2.0    7.5    0.1    7.0    3.7 1015.1
10315 20210715  3   15.9   16.5   19.4   23.1   84.8    2.0    9.3    1.6    6.8    0.0 1007.5
10315 20210714  3   16.4   17.1   19.4   22.7   93.4    2.0   10.6    0.0    7.5   23.4 1002.4
10315 20210713  3   17.9   18.3   20.3   22.6   87.9    2.0    7.0    0.0    7.0    2.8 1003.2
10315 20210712  3   14.1   15.8   20.6   25.8   77.1    1.0    5.1    4.6    6.6    0.0 1005.3
10315 20210711  3   14.8   16.0   19.4   24.3   80.8    2.0    7.2    3.5    7.1    0.0 1009.5
10315 20210710  3    8.9   11.6   18.6   24.1   73.6    2.0    6.5    5.5    5.1    9.1 1010.4
10315 20210709  3   11.3   14.2   18.8   24.1   73.2    2.0    8.7    7.0    6.0    0.0 1014.1
10315 20210708  3   10.6   13.1   18.5   25.5   76.8    2.0    8.7    4.0    6.8    3.4 1013.9
10315 20210707  3    8.4   11.4   18.9   24.5   67.7    2.0    8.7    6.9    4.4    0.1 1009.3
10315 20210706  3    9.5   13.5   20.0   24.7   66.6    3.0   15.9    4.7    6.4    0.1 1000.6
10315 20210705  3   11.4   12.7   17.1   21.5   79.6    2.0    7.2    3.2    6.3    3.7 1002.6
10315 20210704  3   14.5   15.1   18.2   23.9   88.2    2.0   15.4    1.7    7.0    8.3 1004.0
10315 20210703  3    7.4   10.2   19.5   25.7   68.1    1.0    8.2   11.7    4.0    2.4 1009.1
10315 20210702  3    9.0   12.2   16.8   22.0   74.6    2.0    6.3    2.9    5.6    0.0 1010.8
10315 20210701  3   13.2   13.2   14.7   16.5   91.0    3.0    9.3    0.0    7.7    1.1 1007.5
10315 20210630  3   13.2   13.2   16.6   21.5   85.1    3.0    8.4    0.6    7.3    0.5 1004.7
10315 20210629  3   17.3   17.2   20.7   24.6   81.4    2.0   11.5    4.6    6.5    3.2 1004.4
10315 20210628  3   16.5   17.4   22.1   27.4   75.4    2.0   15.9    9.1    6.2    0.3 1007.5
10315 20210627  3   10.9   14.3   21.6   28.2   66.0    2.0    9.3   11.5    4.8    0.8 1010.2
10315 20210626  3   11.5   13.9   20.2   25.3   67.8    2.0    7.2   12.0    5.4    0.0 1012.6
10315 20210625  3   11.5   13.3   17.9   21.3   67.0    2.0    7.9    7.3    6.1    0.1 1011.8
10315 20210624  3   12.0   13.5   16.8   21.5   74.3    2.0    6.2    3.8    6.8    0.0 1013.6
10315 20210623  3   12.3   12.6   15.8   19.8   72.2    2.0    6.2    0.9    7.2    0.0 1014.5
10315 20210622  3   10.3   10.8   14.9   19.4   74.2    2.0    7.2    3.2    6.7    1.3 1010.4
10315 20210621  3   12.1   12.3   15.0   18.8   91.5    3.0   10.3    0.0    7.4    4.9 1002.4
10315 20210620  3   18.6   18.9   22.4   27.0   70.2    3.0   12.3    6.9    6.3   14.5 1001.7
10315 20210619  3   17.4   19.8   24.6   30.1   61.5    3.0   10.1   13.6    5.0    8.9 1006.7
10315 20210618  3   16.7   19.1   26.0   33.2   60.7    2.0    7.7   11.8    3.0    0.0 1006.2
</pre>
